100.0000000 
100.0000000 
100.0000000 
100.0000000 
100.0000000 
100.0000000 
100.0000000 
100.0000000 
100.0000000 
100.0000000 
100.0000000 
100.0000000 
100.0000000 
100.0000000 
100.0000000 
100.0000000 
100.0000000 
100.0000000 
100.0000000 
100.0000000 
100.0000000 
100.0000000 
100.0000000 
100.0000000 
100.0000000 
100.0000000 
100.0000000 
100.0000000 
100.0000000 
100.0000000 
100.0000000 
100.0000000 
100.0000000 
100.0000000 
100.0000000 
100.0000000 
100.0000000 
100.0000000 
100.0000000 
100.0000000 
100.0000000 
100.0000000 
100.0000000 
100.0000000 
100.0000000 
100.0000000 
100.0000000 
100.0000000 
100.0000000 
100.0000000 
100.0000000 
100.0000000 
100.0000000 
100.0000000 
100.0000000 
100.0000000 
100.0000000 
100.0000000 
100.0000000 
100.0000000 
