57.0717 
63.9855 
65.8469 
66.8856 
67.5114 
68.0492 
68.4791 
69.1149 
69.4428 
69.8616 
70.3385 
70.8193 
71.1992 
71.7970 
72.3419 
72.8097 
73.3525 
73.9603 
74.6341 
75.0860 
75.7088 
76.1916 
76.8244 
77.6072 
78.4019 
79.0527 
79.5256 
80.1853 
80.8671 
81.2200 
81.9528 
82.4176 
82.9914 
83.4273 
83.9002 
84.2270 
84.7929 
85.1328 
85.5476 
85.8365 
86.1684 
86.6143 
86.9672 
87.1931 
87.5730 
87.6659 
88.0488 
88.3577 
88.5377 
88.7126 
88.9525 
89.2224 
89.4694 
89.7593 
89.7793 
90.0162 
90.2221 
90.3301 
90.7760 
90.7090 
