53.9477 
60.5676 
62.5540 
63.5637 
64.3084 
65.0982 
65.8359 
66.4517 
67.0046 
67.4994 
68.0122 
68.6050 
69.2588 
69.8826 
70.3995 
71.0473 
71.8680 
72.6408 
73.3355 
74.2662 
74.9390 
75.6758 
76.5685 
77.5962 
78.2869 
79.2196 
79.7995 
80.5352 
81.3600 
81.9788 
82.6486 
83.2074 
84.0461 
84.3180 
84.9608 
85.6646 
86.0835 
86.3204 
86.8472 
87.2171 
87.5670 
88.0098 
88.2398 
88.5956 
88.9685 
89.2894 
89.6373 
89.7853 
90.0892 
90.3581 
90.5310 
90.9089 
91.1048 
91.1598 
91.4717 
91.6487 
91.8656 
92.2015 
92.1145 
92.3934 
