47.4280 
57.4410 
60.5590 
60.6180 
63.4660 
64.2200 
64.4680 
64.7930 
65.6090 
66.1850 
66.5970 
67.0940 
67.7740 
68.2080 
68.9600 
69.2560 
69.6950 
70.3740 
71.0730 
71.8040 
72.1880 
73.0590 
73.5500 
74.5120 
75.3220 
76.0750 
76.8350 
77.8050 
78.4170 
79.4720 
80.1170 
81.0980 
81.8770 
82.6490 
83.4960 
84.3100 
85.0080 
85.6500 
86.3440 
87.1240 
87.6580 
88.3470 
89.0080 
89.4500 
89.8890 
90.6640 
90.9900 
91.4430 
91.8780 
92.4200 
92.8310 
93.1560 
93.5140 
93.8590 
94.1760 
94.5070 
94.7460 
95.0270 
95.2370 
95.5510 
